991398716660592641
991343475361628161
991339193023410176
991253383364390912
991176371870171137
991797718392565760
991697429673132033
991688495734317056
991667449173950464
991633142422237184
991588974983462912
991520132185837571
993968253444620288
993872970593390592
993775993482432513
993771189930688512
993770479948259328
993660989252845568
993563682352386049
993505470995288064
993488942711296000
993460938400350208
993378103127871488
993337864791343104
993297857095467008
993297850502008832
975867542630678528
975831162160496640
975764606873346048
975734674877071360
975697549129428993
975667964471947264
975632990893060096
975531483338129408
975529731876560896
993148621716471809
993088625234636800
992991084291571712
992979508188798976
992812933368332288
992190133708382208
992120265311059968
992067709989933056
992066318886100992
992050856282370048
992005301627834370
991943540275105792
991938352189526016
992485016318849024
992420160567885826
999019296649969664
998971314437214208
998971313896079360
998970588952608769
998926704549675008
998921418778689536
998798182443245568
998570879603826689
998561630186188800
998364572980363264
1000875503627075584
1000735073786884096
994248204785926144
994159604866142208
994081997403381762
994064634591219723
994064624394760192
1001892707923509249
1001839894363234305
1001832791456272384
1001512983413964800
1001448905425354757
1001331872843026432
1001331271895691264
1001235662773735424
1001188585742131201
1001111682561658882
1001085258140336128
1001061089755385857
1001034660288253953
1001028770319351808
1000999186274267137
998117889944178689
997559257473208320
997554928280190976
997529005984071680
997425127691173889
1002177300165689344
1002168273654419456
1002149765189066752
1002057401678217216
1002034631162585088
1002016013142048768
1000436606954754048
1000417019731165184
1000083896631873536
1000060992879968257
1000021996862767104
1000014888121450497
1000003327675875328
1000001552113811457
999954546913820673
999714613183766528
999704806468927488
999670421245935618
999616758108471296
999603932161703937
999522860908527616
980560673565442050
980507330167975937
980426058607415296
980425742474448901
980420756130611201
980418406695559168
980418309098233856
980411699474792449
980325886007197697
980244352701161473
984072176339845121
984062032419966977
984052951214731274
984046927380533248
984044634987945984
983948762736308225
983861933169197056
982640301574533120
982583392800616448
982567037678604288
981678419724288000
981538372232491009
981531966888558592
981531959217172480
981531955148734464
981515468581187586
981514868304916481
981467281795399680
981425883587235840
981410531180515328
981336538062643201
982002606389182465
981995988133920768
981990191626797056
981858488614731777
981853959454318592
981829385891217408
981683202782781441
980886833163780096
980870605481242624
980822725047431173
980811584153923594
980805544591089666
980796740138819584
980788935856041986
980740124416724993
981315157782511616
981270882130845696
981234136466640896
981198135065067520
981174850029932544
981168941660712960
981168937109876737
981141192975974406
981128071167094784
980974394884341761
986691585596256256
986620897133060096
986616848379609088
986615195186286592
986561224849612802
987054988445736960
987049060816175104
987045403047608320
986994447069077504
986959237514280965
986944866415362048
986944866142728192
986770346043817984
986770344030519296
984445778419630081
984439360605974529
984434330544910337
984408025556336641
984406274145107968
984377838903046144
984347134106353664
983100909000503296
982999252522622977
982950670436261889
982950658595741697
982876320790016002
987814129279946753
987741857114411009
987697958442287105
987664698987438081
985160497707151365
985103534294089728
985098352688709633
985088289160871936
985000441569148929
990330061004849152
990261220019130368
990211657837170690
990141581557551104
990139314402086912
990125068842950657
988140625991155712
988138808230252544
988097501306675202
988058583098052608
987965673585430530
987963825977774080
987953887851130880
987854494535839749
978304057197514753
978250855848833024
978248958312001538
978228826827206656
978226557612277760
978149302659792897
989889642810957824
989876582612258816
989835065147277312
989788669690048512
989581188493905920
989539587839029248
989522224909463554
989521725581750273
989454667011805184
989435282389807104
989340522060824578
988728128821325825
988728125696561152
988719388177117189
988717182161842176
988612335848906752
990611523297918976
986319248577282048
986191160476516353
986180599332331521
986168777820618752
986167780662628352
986137687261261824
986122205061791744
986122203556020225
986092406624829441
986040670564450304
988478511269593088
988444624216768512
988430185924968449
988372578518482944
988360476898676737
989138950601113600
989035910175035392
989029236513140736
989000465223438336
988977133027381248
979833906051432449
979810252265680896
979791377448845312
979734279667232768
979680898378383361
979668078853107712
985411911213760512
977629612892016640
977597478915788800
977597296291581959
977593131779571712
977529457408749568
977488193200078848
977128611516891136
977114392121688064
977110937944535040
985892820287279105
985892812771082242
985887777043628034
985883894946807808
985882026330001409
985876675043864576
985793311079260160
985727091881553921
976856682893578240
976824600532168704
976812958800990208
976791487898791937
976755665451368448
976716836405473281
976715752769138689
984889984745324544
984879875663147008
984867570384699392
984766175904055296
984756003315990530
984676576343146496
984649024333529088
979009685180227584
978951593071558656
980119788289605632
980099141329178625
980078519748247552
980048754500763649
980044447617499136
980014017417658368
980001661941899265
979897072915701761
979421152681648129
979387551323709440
979380539613310976
979330701471375360
979313844953796609
979306168899198976
979284030070730752
979236179718692864
978771867191291904
978730835149864961
978695651155369984
978607569269698561
978603996175831042
978546916463075328
978544418482544641
983821612314066944
983628514665684992
983619810490695680
983590644114374657
987283850245169152
987173121860907010
972585156497178626
972562011404947456
972521455240937472
972469649391497216
972435795326910464
972374903797071872
972346981807898626
972341800068300800
972278393784827904
978026732727951360
978001060382912512
977968356186705921
977912886768136192
977851286476480512
973693348916559872
973672301655977985
973646285315096576
973628534479511554
973570108701356034
973553293099069443
973528599272685570
973514284033490944
973352927136964608
973349402143174656
972960379826393088
972907535077273600
972858967394205696
972832408000016389
972798019463610368
972765088628187136
972728347984711680
972681477581283328
972641234136133633
972628906279776256
970086174994804737
970076364886847488
970069826600407040
970048349603688448
970000138453184512
969947983071535105
969947977589473280
969945510923530240
969923613272018944
969880232462135301
969863472736382976
969360395554062338
969297891369000960
969282818638364672
969251678544281600
969214175221227521
969202587961643008
970440174604865536
970386663519080448
970371070204112897
970371055809212416
970368803635806208
970318740515643392
970303364088016897
970286783458983936
970276207274045440
969720945010028544
969684662627913728
969585137041121281
969585131869552640
969582636418007042
969576982483673088
969550816637014017
969550801432592384
969529704830005248
969519963034730496
969517460805177346
969500576722513921
965666851907764229
965621691555618816
965603896147132417
965562635197362176
965560757151813632
965540405881200640
965532439266263041
965531083054899201
965519383090012161
965519373027893248
965439833735770112
965420964002410496
959545487190671360
959529122362941440
959526114606501888
959459411428192256
959446202155593728
959404344222277632
959312198039257088
959222008096677888
959221660497973254
968937092930617344
968935273491939328
968859583832707073
968840617324249088
968822978426281985
968651983128182784
967888823421038593
967867844145815552
967832357460885504
967742625146068997
966788234851229696
966774857865113600
966719153028579328
966715715163078656
966700133822865408
966698629284093952
966698624833921025
966693703497625600
966653596547784704
966603241222938625
966564251765649408
966523960983629824
967504053134557186
967496665950248960
967489834074783744
967485058524180481
967479516208574464
967469350084055041
967454116510232577
967425811522273280
967410327561228293
967405293083635712
967403636094525446
967330480826626050
967234161621712896
964261434992484352
964257793577332736
964256420395913216
964230655176359936
964224875882663936
964205326458224640
964159626823348239
964152887323459585
964143825097666560
964137262542864384
964118866354782214
964094984046587904
964088439229464576
964059269338488832
964040647010263043
964001436278427649
963958345160773632
963958342845571072
963909246101348352
963898692456476672
963888381871636480
963874127961456640
963805545223176193
963773548455018496
963755990704259073
963745525294972930
963691063868346368
963679497492094976
963148346322857984
963140812170133504
963132360031051776
963095412776230912
963085100299665408
963079044676837376
963072301976743936
963064136656568320
963052154276651008
963046333283164166
963026712379342849
963012316580134912
962986409316335616
962933556728143872
968251333156380672
968228925418586112
968220991905202182
968189656146706432
968164290095063045
968148265840635905
968123357467201537
968121104907808768
968082223902507008
968054567479926784
968037161244114944
967999502383804416
967999401758199808
967999229254946816
967944315644215296
967122183364292608
967039152612134918
967032623699697664
967027312305741824
967010944420163584
966995257517924352
966990287133278209
966985532021473282
966960573840797696
966826216065028096
965331256656281600
965327184457027584
965322574371602432
965316001439993856
965285188547657728
965273468919885824
965248200473899008
965219142604275717
965190063884824576
965189918296281088
965189532579762176
965153199190454272
965145375706198016
961362786986156032
961362620052856832
961362402997669890
961299953665626112
961222579213103104
961207232024035328
961200390367715330
961178745414475777
961143896750387202
961129935980187648
961117978623381505
961113312330178560
964621305738772480
964612405446696961
964605840605855744
964572383766917120
964563471584018434
964508943299985408
964489559030419456
964488086821380101
964451364355977217
964434950131888130
964433197290278913
964425440629682178
964389647928340481
960646481806946304
960637877666238464
960603134430035969
960585585193897986
960583132587073537
960524464822796288
960495258516602881
960495250920714242
960491104004001792
960416465378824192
960413927342567429
960347770170179584
961741451230105601
961704212567547904
961608631824166913
961596271189377025
961583303143796736
961583289508048896
961571136537415680
961557535936229376
961509482193965056
961436187452882944
961397941205336064
964997854317211650
964971249750257664
964956658353938432
964952362488967168
964943551988613121
964943547932672000
964921524774887424
964904802038632449
964904797592739840
964893878573662208
964869687807901698
964844651692740609
964816726289362944
964781473487192064
964779743324155904
964714809034813440
960997170609405952
960991163405672448
960968359020933120
960967135567659008
960967129406193664
960963832213467142
960963827956293632
960955022300205056
960937428289818627
960934526577934336
960933141480341509
960929878831960064
960905968895709186
960888840750641152
960869090448453632
960860009251840000
960815349015896066
960770710267248640
960706906460508161
963547630038016000
963524961590689792
963520697199816704
963514911602061312
963510361369534474
963495251959664640
963483430389407744
963398137644687360
963307190676312065
963306908408074240
963306643554492417
963293358780231680
963248139477032961
963248137849614336
963210908632690688
937087964995190785
937082461476892673
937070899815112704
937069886802616320
937064598988996608
937032264516554752
936923183298486273
966410710325473280
966402928494825473
966388875265363968
966339264387563521
966337768681914368
966331702753755136
966312826624139264
966247182348165120
966231551565488128
966226965811343360
966225273606750208
966149987569623040
966131121221115905
962077178081914880
962064859817951232
962055820790833152
962026020273405952
961969917707759616
961962223110270977
961953641056776197
961906575588827136
962441243111444481
962438314476187648
962430734567800832
959202715397062656
959156914599772160
959927970986016768
959889785384046592
959879210327142400
959877923657469952
966055406098264064
957762227842424832
949427830672117760
949417266658988033
949417258568200193
949417251224018945
948698380867272705
950514481959911424
948303023972917249
956308811458981893
956306960135151616
956299347225853952
950152244288045056
952669917957914625
950149010093883392
952328221239971841
952322766505570304
952305036419198976
951241302783520769
938553297757261824
